%YAML:1.0
# image_width: 1241
# image_height: 376

image_width: 1920
image_height: 1200

# distortion_parameters:
k1: 0 
k2: 0
p1: 0
p2: 0
k3: 0
# projection_parameters:

# fx: 718.856
# fy: 718.856
# cx: 607.1928
# cy: 185.2157

fx: 2813.643275
fy: 2808.326079
cx: 969.285772
cy: 624.049972

# stereo_baseline
bf: 386.1448
