%YAML:1.0
image_width: 1920
image_height: 1200
# distortion_parameters:

k1: -0.134313 
k2: -0.025905
p1: 0.002181
p2: 0.00084
k3: 0

# k1: -0.125463
# k2: -0.004760
# p1: 0.000389
# p2: -0.003181
# k3: 0

# projection_parameters:

fx: 2813.643275
fy: 2808.326079
cx: 969.285772
cy: 624.049972

# fx: 2742.022949
# fy: 875.146045
# cx: 2763.256592
# cy: 625.599612

