{
 "cells": [
  {
   "cell_type": "code",
   "execution_count": 1,
   "metadata": {},
   "outputs": [
    {
     "name": "stdout",
     "output_type": "stream",
     "text": [
      "Jupyter environment detected. Enabling Open3D WebVisualizer.\n",
      "[Open3D INFO] WebRTC GUI backend enabled.\n",
      "[Open3D INFO] WebRTCWindowSystem: HTTP handshake server disabled.\n"
     ]
    }
   ],
   "source": [
    "import os\n",
    "import numpy as np\n",
    "import pandas as pd\n",
    "import matplotlib.pyplot as plt\n",
    "import open3d as o3d\n",
    "import scipy.ndimage\n",
    "from scipy.signal import convolve"
   ]
  },
  {
   "cell_type": "code",
   "execution_count": 2,
   "metadata": {},
   "outputs": [],
   "source": [
    "# point cloud 파일이 들어있는 폴더 경로\n",
    "pc_folder = \"/media/rtlink/JetsonSSD-256/socap_dataset/backup/pc/\"\n",
    "\n",
    "# imu 파일이 들어있는 폴더 경로\n",
    "imu_folder = \"/media/rtlink/JetsonSSD-256/socap_dataset/backup/imu/\""
   ]
  },
  {
   "cell_type": "code",
   "execution_count": 3,
   "metadata": {},
   "outputs": [],
   "source": [
    "# Surface Roughness, angular_velocity, linear_acceleration 값을 저장할 리스트 생성\n",
    "roughness_list = []\n"
   ]
  },
  {
   "cell_type": "code",
   "execution_count": 4,
   "metadata": {},
   "outputs": [
    {
     "name": "stdout",
     "output_type": "stream",
     "text": [
      "[[ 6.92552294 -0.05795976  1.46351002]\n",
      " [-0.05795976  0.15878108 -0.01430991]\n",
      " [ 1.46351002 -0.01430991  0.31497308]]\n",
      "[[ 7.15282903e+00 -1.02771457e-02  1.54728727e+00]\n",
      " [-1.02771457e-02  1.65851479e-01 -4.62591205e-03]\n",
      " [ 1.54728727e+00 -4.62591205e-03  3.38300159e-01]]\n",
      "[[6.72216229e+00 4.76687910e-02 1.40430443e+00]\n",
      " [4.76687910e-02 1.72499445e-01 6.68373091e-03]\n",
      " [1.40430443e+00 6.68373091e-03 3.00620460e-01]]\n",
      "[[ 6.55210168 -0.06683935  1.3549067 ]\n",
      " [-0.06683935  0.16689441 -0.01316508]\n",
      " [ 1.3549067  -0.01316508  0.286418  ]]\n",
      "[[ 6.66153414e+00 -2.12572000e-02  1.39737239e+00]\n",
      " [-2.12572000e-02  1.58270117e-01 -5.12263252e-03]\n",
      " [ 1.39737239e+00 -5.12263252e-03  2.98609891e-01]]\n",
      "[[ 6.43156191e+00 -3.29933309e-02  1.33252825e+00]\n",
      " [-3.29933309e-02  1.62587402e-01 -5.86852559e-03]\n",
      " [ 1.33252825e+00 -5.86852559e-03  2.82123424e-01]]\n",
      "[[ 6.97300463 -0.06459079  1.48113995]\n",
      " [-0.06459079  0.1605518  -0.0138091 ]\n",
      " [ 1.48113995 -0.0138091   0.3193854 ]]\n",
      "[[ 6.94206844 -0.02391749  1.49880645]\n",
      " [-0.02391749  0.16526253 -0.00780156]\n",
      " [ 1.49880645 -0.00780156  0.32732676]]\n",
      "[[ 6.11049312 -0.11138511  1.20398648]\n",
      " [-0.11138511  0.18317678 -0.0156438 ]\n",
      " [ 1.20398648 -0.0156438   0.24782858]]\n",
      "[[ 6.79856036e+00 -8.59288955e-02  1.36469738e+00]\n",
      " [-8.59288955e-02  1.68854993e-01  4.17430772e-03]\n",
      " [ 1.36469738e+00  4.17430772e-03  3.21701872e-01]]\n",
      "[[ 6.78368997 -0.05419661  1.42232337]\n",
      " [-0.05419661  0.15976265 -0.00772359]\n",
      " [ 1.42232337 -0.00772359  0.31036153]]\n",
      "[[ 6.41443878 -0.0526274   1.32917002]\n",
      " [-0.0526274   0.16579905 -0.0088929 ]\n",
      " [ 1.32917002 -0.0088929   0.28149241]]\n",
      "[[ 6.27968072 -0.05821972  1.27042901]\n",
      " [-0.05821972  0.16973787 -0.00879893]\n",
      " [ 1.27042901 -0.00879893  0.26438862]]\n",
      "[[ 7.40225402 -0.09192896  1.62439386]\n",
      " [-0.09192896  0.16411632 -0.02056407]\n",
      " [ 1.62439386 -0.02056407  0.35941643]]\n",
      "[[ 6.01111031 -0.04867828  1.12237114]\n",
      " [-0.04867828  0.16524292 -0.00728496]\n",
      " [ 1.12237114 -0.00728496  0.22293343]]\n",
      "[[ 6.44169015e+00 -2.41792455e-02  1.31564851e+00]\n",
      " [-2.41792455e-02  1.70140659e-01 -5.33476406e-03]\n",
      " [ 1.31564851e+00 -5.33476406e-03  2.75520769e-01]]\n",
      "[[ 6.98488268 -0.03039559  1.50664167]\n",
      " [-0.03039559  0.16946659 -0.00828966]\n",
      " [ 1.50664167 -0.00828966  0.32887991]]\n",
      "[[ 6.57606140e+00 -9.53920544e-03  1.37935736e+00]\n",
      " [-9.53920544e-03  1.68374992e-01 -3.27956888e-03]\n",
      " [ 1.37935736e+00 -3.27956888e-03  2.94700853e-01]]\n",
      "[[ 6.49441706 -0.04125502  1.3428849 ]\n",
      " [-0.04125502  0.16662275 -0.00830219]\n",
      " [ 1.3428849  -0.00830219  0.28400223]]\n",
      "[[ 6.32327594 -0.04303437  1.29003184]\n",
      " [-0.04303437  0.16990841 -0.0091587 ]\n",
      " [ 1.29003184 -0.0091587   0.26989886]]\n",
      "[[ 6.37552032 -0.10156222  1.30143809]\n",
      " [-0.10156222  0.17291475 -0.01819643]\n",
      " [ 1.30143809 -0.01819643  0.27261724]]\n",
      "[[ 7.0760659  -0.13494739  1.52422167]\n",
      " [-0.13494739  0.16746097 -0.02766235]\n",
      " [ 1.52422167 -0.02766235  0.33270204]]\n",
      "[[ 6.44959461e+00 -1.19445719e-02  1.31031498e+00]\n",
      " [-1.19445719e-02  1.68929453e-01 -1.41527257e-03]\n",
      " [ 1.31031498e+00 -1.41527257e-03  2.74265250e-01]]\n",
      "[[ 6.37843855e+00  9.24594967e-03  1.28861325e+00]\n",
      " [ 9.24594967e-03  1.69228158e-01 -1.23743546e-03]\n",
      " [ 1.28861325e+00 -1.23743546e-03  2.71573103e-01]]\n",
      "[[6.09248235e+00 2.69766276e-02 1.21764687e+00]\n",
      " [2.69766276e-02 1.64759200e-01 1.57703868e-03]\n",
      " [1.21764687e+00 1.57703868e-03 2.53088439e-01]]\n",
      "[[6.29537517e+00 1.06326558e-02 1.28165335e+00]\n",
      " [1.06326558e-02 1.69774204e-01 1.94843392e-03]\n",
      " [1.28165335e+00 1.94843392e-03 2.67940112e-01]]\n",
      "[[6.64493440e+00 1.10372370e-02 1.40480438e+00]\n",
      " [1.10372370e-02 1.69902770e-01 1.13928122e-03]\n",
      " [1.40480438e+00 1.13928122e-03 3.02231660e-01]]\n",
      "[[ 6.68210893e+00  3.42771969e-04  1.42258901e+00]\n",
      " [ 3.42771969e-04  1.69233319e-01 -1.06147671e-03]\n",
      " [ 1.42258901e+00 -1.06147671e-03  3.07733016e-01]]\n",
      "[[ 6.80314089e+00 -1.02072497e-02  1.45148652e+00]\n",
      " [-1.02072497e-02  1.69316187e-01 -2.46246950e-03]\n",
      " [ 1.45148652e+00 -2.46246950e-03  3.14418679e-01]]\n",
      "[[ 6.91805961e+00 -1.26020427e-02  1.46002616e+00]\n",
      " [-1.26020427e-02  1.64952974e-01 -4.74153298e-03]\n",
      " [ 1.46002616e+00 -4.74153298e-03  3.13435823e-01]]\n",
      "[[ 7.34800960e+00 -8.94820441e-03  1.62371683e+00]\n",
      " [-8.94820441e-03  1.59819767e-01 -5.19375339e-03]\n",
      " [ 1.62371683e+00 -5.19375339e-03  3.61496858e-01]]\n",
      "[[6.42627031e+00 2.69019866e-02 1.33373514e+00]\n",
      " [2.69019866e-02 1.68381547e-01 4.50960820e-03]\n",
      " [1.33373514e+00 4.50960820e-03 2.82806161e-01]]\n",
      "[[8.21630798 0.12103592 1.8631107 ]\n",
      " [0.12103592 0.1813385  0.02395936]\n",
      " [1.8631107  0.02395936 0.42330833]]\n",
      "[[ 6.81763185e+00  3.88816791e-03  1.44952102e+00]\n",
      " [ 3.88816791e-03  1.68894101e-01 -1.17942379e-03]\n",
      " [ 1.44952102e+00 -1.17942379e-03  3.13184100e-01]]\n",
      "[[6.07176257e+00 2.11273498e-02 1.17635047e+00]\n",
      " [2.11273498e-02 1.70257198e-01 2.01127393e-03]\n",
      " [1.17635047e+00 2.01127393e-03 2.37815748e-01]]\n",
      "[[6.25469750e+00 3.13268650e-02 1.24172280e+00]\n",
      " [3.13268650e-02 1.74217925e-01 5.44660304e-03]\n",
      " [1.24172280e+00 5.44660304e-03 2.55029641e-01]]\n",
      "[[ 6.73910653e+00  8.10165745e-03  1.42143294e+00]\n",
      " [ 8.10165745e-03  1.68093204e-01 -7.55526155e-05]\n",
      " [ 1.42143294e+00 -7.55526155e-05  3.05262323e-01]]\n",
      "[[ 6.80719331e+00  7.45880505e-04  1.44230810e+00]\n",
      " [ 7.45880505e-04  1.70548421e-01 -1.95364400e-03]\n",
      " [ 1.44230810e+00 -1.95364400e-03  3.10783539e-01]]\n",
      "[[ 6.67684791e+00 -9.80217326e-03  1.40339664e+00]\n",
      " [-9.80217326e-03  1.71500533e-01 -2.67304859e-03]\n",
      " [ 1.40339664e+00 -2.67304859e-03  3.00492509e-01]]\n",
      "[[ 6.43870557e+00 -1.01597352e-02  1.34283745e+00]\n",
      " [-1.01597352e-02  1.76239966e-01 -2.35057916e-03]\n",
      " [ 1.34283745e+00 -2.35057916e-03  2.85796467e-01]]\n",
      "[[ 7.36991019 -0.12078793  1.62532942]\n",
      " [-0.12078793  0.17296505 -0.02731043]\n",
      " [ 1.62532942 -0.02731043  0.36134478]]\n",
      "[[ 7.48490759 -0.1842364   1.66293382]\n",
      " [-0.1842364   0.17005975 -0.03978375]\n",
      " [ 1.66293382 -0.03978375  0.3720595 ]]\n",
      "[[ 6.8737012  -0.08566481  1.44297186]\n",
      " [-0.08566481  0.16551271 -0.01675214]\n",
      " [ 1.44297186 -0.01675214  0.3085226 ]]\n",
      "[[ 6.74685573 -0.08841371  1.3939747 ]\n",
      " [-0.08841371  0.161435   -0.0158871 ]\n",
      " [ 1.3939747  -0.0158871   0.29449833]]\n",
      "[[ 6.63834925 -0.06713658  1.35006839]\n",
      " [-0.06713658  0.16030068 -0.01196572]\n",
      " [ 1.35006839 -0.01196572  0.28186816]]\n",
      "[[ 6.62020975 -0.02124141  1.37076039]\n",
      " [-0.02124141  0.169094   -0.00677161]\n",
      " [ 1.37076039 -0.00677161  0.29001853]]\n",
      "[[ 6.29990023 -0.03244524  1.26985358]\n",
      " [-0.03244524  0.17373222 -0.00839453]\n",
      " [ 1.26985358 -0.00839453  0.26344839]]\n",
      "[[ 6.880874   -0.03363758  1.47609696]\n",
      " [-0.03363758  0.17303561 -0.01016423]\n",
      " [ 1.47609696 -0.01016423  0.32105114]]\n",
      "[[ 7.33036154 -0.07267716  1.61310566]\n",
      " [-0.07267716  0.15667555 -0.01804236]\n",
      " [ 1.61310566 -0.01804236  0.35796703]]\n",
      "[[ 6.89931428 -0.04499804  1.45918544]\n",
      " [-0.04499804  0.16383702 -0.0109305 ]\n",
      " [ 1.45918544 -0.0109305   0.31383603]]\n",
      "[[ 6.65964995 -0.03663781  1.37073062]\n",
      " [-0.03663781  0.16525366 -0.00855043]\n",
      " [ 1.37073062 -0.00855043  0.28873773]]\n",
      "[[ 6.64289146 -0.02683894  1.37132347]\n",
      " [-0.02683894  0.16856687 -0.00700669]\n",
      " [ 1.37132347 -0.00700669  0.28962634]]\n",
      "[[ 6.77741665 -0.02999474  1.43302182]\n",
      " [-0.02999474  0.16628334 -0.00779801]\n",
      " [ 1.43302182 -0.00779801  0.30810881]]\n",
      "[[ 6.37856305e+00 -1.56675868e-02  1.29712697e+00]\n",
      " [-1.56675868e-02  1.64024977e-01 -4.52135097e-03]\n",
      " [ 1.29712697e+00 -4.52135097e-03  2.70758422e-01]]\n",
      "[[ 6.45351761e+00 -1.89455044e-02  1.32126212e+00]\n",
      " [-1.89455044e-02  1.64356274e-01 -4.56758863e-03]\n",
      " [ 1.32126212e+00 -4.56758863e-03  2.77212830e-01]]\n",
      "[[ 7.53531763 -0.06340883  1.65421084]\n",
      " [-0.06340883  0.16174967 -0.01393679]\n",
      " [ 1.65421084 -0.01393679  0.36585775]]\n",
      "[[ 7.07725984 -0.0388491   1.52252411]\n",
      " [-0.0388491   0.16756662 -0.01027969]\n",
      " [ 1.52252411 -0.01027969  0.33175905]]\n",
      "[[ 6.54697763 -0.05197243  1.36743853]\n",
      " [-0.05197243  0.16767164 -0.01026302]\n",
      " [ 1.36743853 -0.01026302  0.29118455]]\n",
      "[[ 5.47388451e+00 -9.01450063e-03  9.97518281e-01]\n",
      " [-9.01450063e-03  1.70140925e-01 -3.24460107e-03]\n",
      " [ 9.97518281e-01 -3.24460107e-03  1.96384591e-01]]\n",
      "[[ 6.49164527e+00 -3.63703097e-03  1.34905032e+00]\n",
      " [-3.63703097e-03  1.74453387e-01 -9.31147775e-04]\n",
      " [ 1.34905032e+00 -9.31147775e-04  2.86366212e-01]]\n",
      "[[ 7.12087961 -0.04052576  1.5536332 ]\n",
      " [-0.04052576  0.17536461 -0.01187644]\n",
      " [ 1.5536332  -0.01187644  0.34230305]]\n",
      "[[7.88334543 0.19639358 1.75820315]\n",
      " [0.19639358 0.16956447 0.03900435]\n",
      " [1.75820315 0.03900435 0.39357979]]\n",
      "[[8.04998279 0.14408563 1.81667821]\n",
      " [0.14408563 0.1707183  0.02888213]\n",
      " [1.81667821 0.02888213 0.41088396]]\n",
      "[[6.7630034  0.06919106 1.4213286 ]\n",
      " [0.06919106 0.16576236 0.00795217]\n",
      " [1.4213286  0.00795217 0.30457437]]\n",
      "[[6.74088053e+00 2.40268591e-02 1.40168616e+00]\n",
      " [2.40268591e-02 1.71946674e-01 1.29622737e-03]\n",
      " [1.40168616e+00 1.29622737e-03 2.97666911e-01]]\n",
      "[[6.58350750e+00 2.43603472e-02 1.36217822e+00]\n",
      " [2.43603472e-02 1.62793964e-01 2.04488483e-03]\n",
      " [1.36217822e+00 2.04488483e-03 2.87958246e-01]]\n",
      "[[ 7.07818662e+00 -1.71976187e-02  1.53027597e+00]\n",
      " [-1.71976187e-02  1.63958315e-01 -6.43228968e-03]\n",
      " [ 1.53027597e+00 -6.43228968e-03  3.34701518e-01]]\n",
      "[[ 7.53139208 -0.03329014  1.67811155]\n",
      " [-0.03329014  0.15797511 -0.00866039]\n",
      " [ 1.67811155 -0.00866039  0.37602066]]\n",
      "[[ 8.06385109 -0.09723284  1.81037101]\n",
      " [-0.09723284  0.17901684 -0.01996746]\n",
      " [ 1.81037101 -0.01996746  0.40743992]]\n",
      "[[ 7.61814728 -0.05698842  1.688959  ]\n",
      " [-0.05698842  0.16499862 -0.01291858]\n",
      " [ 1.688959   -0.01291858  0.3765619 ]]\n",
      "[[ 6.9751828  -0.02952268  1.4712595 ]\n",
      " [-0.02952268  0.16659778 -0.00801941]\n",
      " [ 1.4712595  -0.00801941  0.31560608]]\n",
      "[[ 7.69853506 -0.03791011  1.7115254 ]\n",
      " [-0.03791011  0.17111042 -0.00790495]\n",
      " [ 1.7115254  -0.00790495  0.38209714]]\n",
      "[[ 6.38097659 -0.09348581  1.28857805]\n",
      " [-0.09348581  0.17467648 -0.01579214]\n",
      " [ 1.28857805 -0.01579214  0.26805795]]\n",
      "[[ 6.6005522  -0.09337742  1.36672651]\n",
      " [-0.09337742  0.1733078  -0.01739418]\n",
      " [ 1.36672651 -0.01739418  0.28952953]]\n",
      "[[ 6.68591715 -0.10068534  1.39622074]\n",
      " [-0.10068534  0.17631898 -0.01886759]\n",
      " [ 1.39622074 -0.01886759  0.29771534]]\n",
      "[[ 6.61499648 -0.11006695  1.37365943]\n",
      " [-0.11006695  0.17179084 -0.01978774]\n",
      " [ 1.37365943 -0.01978774  0.29178183]]\n",
      "[[ 6.92931182 -0.15695413  1.45371982]\n",
      " [-0.15695413  0.17817879 -0.0263431 ]\n",
      " [ 1.45371982 -0.0263431   0.31179497]]\n",
      "[[ 7.04273108 -0.19557164  1.49880514]\n",
      " [-0.19557164  0.17982296 -0.03455377]\n",
      " [ 1.49880514 -0.03455377  0.32487997]]\n",
      "[[ 7.09328505 -0.19918949  1.5041763 ]\n",
      " [-0.19918949  0.18117795 -0.0360148 ]\n",
      " [ 1.5041763  -0.0360148   0.32495589]]\n",
      "[[ 6.93205889 -0.18210039  1.44981882]\n",
      " [-0.18210039  0.18110407 -0.02995368]\n",
      " [ 1.44981882 -0.02995368  0.31109953]]\n",
      "[[ 6.94727294 -0.18960909  1.44140494]\n",
      " [-0.18960909  0.17584259 -0.03042283]\n",
      " [ 1.44140494 -0.03042283  0.30833476]]\n",
      "[[ 6.30255926e+00 -2.69757097e-03  1.28803574e+00]\n",
      " [-2.69757097e-03  1.64746372e-01 -1.11053895e-03]\n",
      " [ 1.28803574e+00 -1.11053895e-03  2.70139050e-01]]\n",
      "[[ 6.48842670e+00 -1.03010895e-02  1.34361789e+00]\n",
      " [-1.03010895e-02  1.63449138e-01 -3.37934325e-03]\n",
      " [ 1.34361789e+00 -3.37934325e-03  2.84454296e-01]]\n",
      "[[ 6.53082363e+00 -1.23423261e-02  1.33513019e+00]\n",
      " [-1.23423261e-02  1.61730284e-01 -3.52313301e-03]\n",
      " [ 1.33513019e+00 -3.52313301e-03  2.79941560e-01]]\n",
      "[[ 6.65184297e+00 -1.45659371e-02  1.39083854e+00]\n",
      " [-1.45659371e-02  1.61372236e-01 -5.77210167e-03]\n",
      " [ 1.39083854e+00 -5.77210167e-03  2.96507554e-01]]\n",
      "[[ 7.16579047e+00 -1.22390807e-02  1.56224516e+00]\n",
      " [-1.22390807e-02  1.53356605e-01 -4.30391672e-03]\n",
      " [ 1.56224516e+00 -4.30391672e-03  3.43903675e-01]]\n",
      "[[ 5.74076369 -0.08377682  1.09148855]\n",
      " [-0.08377682  0.1727107  -0.01295095]\n",
      " [ 1.09148855 -0.01295095  0.21964937]]\n",
      "[[ 5.7666397  -0.06724708  1.09955345]\n",
      " [-0.06724708  0.17080288 -0.0106878 ]\n",
      " [ 1.09955345 -0.0106878   0.22128346]]\n",
      "[[ 5.84074534 -0.061078    1.11544229]\n",
      " [-0.061078    0.1702939  -0.00961118]\n",
      " [ 1.11544229 -0.00961118  0.22449106]]\n",
      "[[ 6.32875838e+00 -1.74591573e-02  1.23100453e+00]\n",
      " [-1.74591573e-02  1.66284471e-01 -3.18462954e-03]\n",
      " [ 1.23100453e+00 -3.18462954e-03  2.49214159e-01]]\n",
      "[[ 6.06281075e+00 -2.79361279e-02  1.16381561e+00]\n",
      " [-2.79361279e-02  1.66275425e-01 -3.50995705e-03]\n",
      " [ 1.16381561e+00 -3.50995705e-03  2.33898438e-01]]\n",
      "[[ 5.50576990e+00 -2.51403298e-02  9.72398569e-01]\n",
      " [-2.51403298e-02  1.61841729e-01 -4.65502646e-03]\n",
      " [ 9.72398569e-01 -4.65502646e-03  1.88778537e-01]]\n",
      "[[ 7.18974975 -0.1285817   1.57244636]\n",
      " [-0.1285817   0.17131926 -0.02787345]\n",
      " [ 1.57244636 -0.02787345  0.34731819]]\n",
      "[[ 7.37937650e+00 -3.74838224e-04  1.62100379e+00]\n",
      " [-3.74838224e-04  1.70224216e-01 -2.61019949e-03]\n",
      " [ 1.62100379e+00 -2.61019949e-03  3.58960885e-01]]\n",
      "[[7.42468432e+00 3.71941190e-02 1.61968514e+00]\n",
      " [3.71941190e-02 1.77228941e-01 3.80629394e-03]\n",
      " [1.61968514e+00 3.80629394e-03 3.56605768e-01]]\n",
      "[[ 5.31834277e+00 -2.64281367e-02  8.96374385e-01]\n",
      " [-2.64281367e-02  1.65522081e-01 -4.52804862e-03]\n",
      " [ 8.96374385e-01 -4.52804862e-03  1.70702242e-01]]\n",
      "[[ 5.19433825e+00 -3.27487767e-02  8.61588846e-01]\n",
      " [-3.27487767e-02  1.68077759e-01 -5.18349175e-03]\n",
      " [ 8.61588846e-01 -5.18349175e-03  1.63391345e-01]]\n",
      "[[6.97996259e+00 3.58731166e-02 1.52104574e+00]\n",
      " [3.58731166e-02 1.81964103e-01 3.90549945e-03]\n",
      " [1.52104574e+00 3.90549945e-03 3.35144800e-01]]\n",
      "[[6.81488186e+00 1.32178136e-02 1.45050275e+00]\n",
      " [1.32178136e-02 1.80434299e-01 1.42674319e-03]\n",
      " [1.45050275e+00 1.42674319e-03 3.13605872e-01]]\n",
      "[[6.63795140e+00 3.29501825e-02 1.38656615e+00]\n",
      " [3.29501825e-02 1.78124993e-01 4.85044327e-03]\n",
      " [1.38656615e+00 4.85044327e-03 2.95529265e-01]]\n",
      "[[5.88423506e+00 2.90389400e-02 1.14807602e+00]\n",
      " [2.90389400e-02 1.73090419e-01 2.13811533e-03]\n",
      " [1.14807602e+00 2.13811533e-03 2.34271591e-01]]\n",
      "[[6.62349701e+00 3.63169127e-02 1.37159857e+00]\n",
      " [3.63169127e-02 1.71658111e-01 5.90423547e-03]\n",
      " [1.37159857e+00 5.90423547e-03 2.90328558e-01]]\n",
      "[[ 6.99420771e+00  1.23570354e-02  1.49503844e+00]\n",
      " [ 1.23570354e-02  1.73102572e-01 -7.88152256e-04]\n",
      " [ 1.49503844e+00 -7.88152256e-04  3.24124888e-01]]\n",
      "[[7.08242055e+00 4.39426717e-02 1.52901915e+00]\n",
      " [4.39426717e-02 1.68966110e-01 5.40521159e-03]\n",
      " [1.52901915e+00 5.40521159e-03 3.33990544e-01]]\n",
      "[[7.34972153e+00 3.27519596e-02 1.63107375e+00]\n",
      " [3.27519596e-02 1.65057006e-01 4.07037364e-03]\n",
      " [1.63107375e+00 4.07037364e-03 3.64291266e-01]]\n",
      "[[ 6.95674144 -0.02147614  1.47223742]\n",
      " [-0.02147614  0.16821587 -0.00716167]\n",
      " [ 1.47223742 -0.00716167  0.31668774]]\n",
      "[[6.11916805e+00 1.57954260e-02 1.20482933e+00]\n",
      " [1.57954260e-02 1.67996207e-01 2.69662818e-03]\n",
      " [1.20482933e+00 2.69662818e-03 2.46640580e-01]]\n",
      "[[6.74724433e+00 1.94114469e-02 1.40818807e+00]\n",
      " [1.94114469e-02 1.64067171e-01 1.45590904e-03]\n",
      " [1.40818807e+00 1.45590904e-03 2.99733381e-01]]\n",
      "[[ 7.09439641e+00 -2.77934090e-03  1.52057644e+00]\n",
      " [-2.77934090e-03  1.65933998e-01 -3.27536764e-03]\n",
      " [ 1.52057644e+00 -3.27536764e-03  3.30186377e-01]]\n",
      "[[8.07722704 0.03731972 1.8229605 ]\n",
      " [0.03731972 0.17078243 0.00810892]\n",
      " [1.8229605  0.00810892 0.41230178]]\n",
      "[[7.83370998e+00 9.48993456e-03 1.74649530e+00]\n",
      " [9.48993456e-03 1.64060974e-01 1.61753016e-03]\n",
      " [1.74649530e+00 1.61753016e-03 3.90974071e-01]]\n",
      "[[7.92883245e+00 1.69309162e-02 1.77735544e+00]\n",
      " [1.69309162e-02 1.71064609e-01 2.91181313e-03]\n",
      " [1.77735544e+00 2.91181313e-03 3.99795480e-01]]\n",
      "[[ 7.00298698e+00  1.89564698e-02  1.49428785e+00]\n",
      " [ 1.89564698e-02  1.68817803e-01 -7.11421941e-04]\n",
      " [ 1.49428785e+00 -7.11421941e-04  3.23554521e-01]]\n",
      "[[6.66682585e+00 3.90506953e-02 1.39160624e+00]\n",
      " [3.90506953e-02 1.70130802e-01 4.41750288e-03]\n",
      " [1.39160624e+00 4.41750288e-03 2.96395811e-01]]\n",
      "[[6.06187130e+00 2.08423669e-02 1.21490957e+00]\n",
      " [2.08423669e-02 1.74038062e-01 3.58876326e-03]\n",
      " [1.21490957e+00 3.58876326e-03 2.51585862e-01]]\n",
      "[[7.66141944e+00 1.96145295e-02 1.67457377e+00]\n",
      " [1.96145295e-02 1.60044694e-01 2.29051868e-03]\n",
      " [1.67457377e+00 2.29051868e-03 3.68801808e-01]]\n",
      "[[7.78840937e+00 2.44437066e-02 1.72160252e+00]\n",
      " [2.44437066e-02 1.59018554e-01 4.18328616e-03]\n",
      " [1.72160252e+00 4.18328616e-03 3.82536339e-01]]\n",
      "[[7.61550886e+00 1.89495109e-02 1.66866797e+00]\n",
      " [1.89495109e-02 1.60778551e-01 1.85541960e-03]\n",
      " [1.66866797e+00 1.85541960e-03 3.68116551e-01]]\n",
      "[[ 7.03502605e+00  1.52307143e-03  1.48332050e+00]\n",
      " [ 1.52307143e-03  1.60146440e-01 -2.05610454e-03]\n",
      " [ 1.48332050e+00 -2.05610454e-03  3.17974448e-01]]\n",
      "[[7.03344152e+00 2.15242084e-02 1.49995336e+00]\n",
      " [2.15242084e-02 1.58461479e-01 9.23971549e-04]\n",
      " [1.49995336e+00 9.23971549e-04 3.24560236e-01]]\n",
      "[[ 6.50587111e+00  4.58996292e-04  1.33294709e+00]\n",
      " [ 4.58996292e-04  1.62784751e-01 -5.19510251e-04]\n",
      " [ 1.33294709e+00 -5.19510251e-04  2.79901290e-01]]\n",
      "[[6.28364467e+00 2.17909305e-03 1.26460237e+00]\n",
      " [2.17909305e-03 1.66610460e-01 7.92102353e-04]\n",
      " [1.26460237e+00 7.92102353e-04 2.62124835e-01]]\n",
      "[[ 4.82652254e+00  3.53744417e-03  8.01680961e-01]\n",
      " [ 3.53744417e-03  1.59636618e-01 -2.55505002e-03]\n",
      " [ 8.01680961e-01 -2.55505002e-03  1.53203207e-01]]\n",
      "[[ 4.85763233e+00 -1.13184392e-02  8.00325844e-01]\n",
      " [-1.13184392e-02  1.59279925e-01 -4.48746996e-03]\n",
      " [ 8.00325844e-01 -4.48746996e-03  1.52239705e-01]]\n",
      "[[ 8.42273541 -0.29848008  1.93306052]\n",
      " [-0.29848008  0.14359834 -0.06734963]\n",
      " [ 1.93306052 -0.06734963  0.44450707]]\n",
      "[[ 8.30713693 -0.59546408  1.9013528 ]\n",
      " [-0.59546408  0.16529657 -0.13195596]\n",
      " [ 1.9013528  -0.13195596  0.43606464]]\n",
      "[[ 7.16508595 -0.23319087  1.55104154]\n",
      " [-0.23319087  0.17577143 -0.04784189]\n",
      " [ 1.55104154 -0.04784189  0.34052817]]\n",
      "[[ 7.30719079 -0.24882313  1.59716813]\n",
      " [-0.24882313  0.1939642  -0.05256578]\n",
      " [ 1.59716813 -0.05256578  0.35282549]]\n",
      "[[ 7.147546   -0.22146167  1.54593816]\n",
      " [-0.22146167  0.19255664 -0.04453413]\n",
      " [ 1.54593816 -0.04453413  0.33960159]]\n",
      "[[ 6.8211244  -0.19134197  1.43744456]\n",
      " [-0.19134197  0.18334993 -0.0346575 ]\n",
      " [ 1.43744456 -0.0346575   0.31074589]]\n",
      "[[ 6.17388243e+00 -2.87216238e-01  9.77567784e-01]\n",
      " [-2.87216238e-01  1.85287595e-01 -1.45833640e-03]\n",
      " [ 9.77567784e-01 -1.45833640e-03  2.21537244e-01]]\n",
      "[[ 5.97858566 -0.29603808  1.04786483]\n",
      " [-0.29603808  0.16355502 -0.0136142 ]\n",
      " [ 1.04786483 -0.0136142   0.23377516]]\n",
      "[[ 7.01673062 -0.06046106  1.49770501]\n",
      " [-0.06046106  0.16212496 -0.01462526]\n",
      " [ 1.49770501 -0.01462526  0.32438595]]\n",
      "[[ 5.82811430e+00 -1.03447050e-02  1.09392201e+00]\n",
      " [-1.03447050e-02  1.66551040e-01 -2.75394067e-03]\n",
      " [ 1.09392201e+00 -2.75394067e-03  2.18243941e-01]]\n",
      "[[ 6.33761836e+00 -8.86187179e-03  1.26409009e+00]\n",
      " [-8.86187179e-03  1.65022023e-01 -4.33324168e-03]\n",
      " [ 1.26409009e+00 -4.33324168e-03  2.61174718e-01]]\n",
      "[[ 6.4607798  -0.02342999  1.32282737]\n",
      " [-0.02342999  0.16657781 -0.00813589]\n",
      " [ 1.32282737 -0.00813589  0.27798631]]\n",
      "[[ 6.92759792 -0.12064006  1.4759215 ]\n",
      " [-0.12064006  0.17561278 -0.02344014]\n",
      " [ 1.4759215  -0.02344014  0.31956809]]\n",
      "[[ 6.34737141e+00 -8.06970839e-03  1.31500316e+00]\n",
      " [-8.06970839e-03  1.65168721e-01 -1.83098216e-03]\n",
      " [ 1.31500316e+00 -1.83098216e-03  2.78378447e-01]]\n",
      "[[ 6.76117207 -0.08870839  1.4238171 ]\n",
      " [-0.08870839  0.17079327 -0.01739466]\n",
      " [ 1.4238171  -0.01739466  0.30542647]]\n",
      "[[ 6.49955448 -0.06950333  1.35083875]\n",
      " [-0.06950333  0.16890855 -0.01298672]\n",
      " [ 1.35083875 -0.01298672  0.28684144]]\n",
      "[[ 6.54507981 -0.0770542   1.36647317]\n",
      " [-0.0770542   0.16568353 -0.01475224]\n",
      " [ 1.36647317 -0.01475224  0.29112371]]\n",
      "[[ 6.24939994 -0.04374546  1.26634332]\n",
      " [-0.04374546  0.16792308 -0.00696898]\n",
      " [ 1.26634332 -0.00696898  0.26390315]]\n",
      "[[ 6.55934879e+00 -1.08890964e-02  1.38294386e+00]\n",
      " [-1.08890964e-02  1.63936034e-01 -3.47941589e-03]\n",
      " [ 1.38294386e+00 -3.47941589e-03  2.96606698e-01]]\n",
      "[[ 8.47471042 -0.72705532  1.96211248]\n",
      " [-0.72705532  0.12006048 -0.16790386]\n",
      " [ 1.96211248 -0.16790386  0.4545492 ]]\n",
      "[[ 6.5357335  -0.11335779  1.28514771]\n",
      " [-0.11335779  0.160188   -0.01671559]\n",
      " [ 1.28514771 -0.01671559  0.26259041]]\n",
      "[[ 6.39566498 -0.04099296  1.3032166 ]\n",
      " [-0.04099296  0.16854906 -0.00748953]\n",
      " [ 1.3032166  -0.00748953  0.27273661]]\n",
      "[[ 6.59561916 -0.07803662  1.39122298]\n",
      " [-0.07803662  0.16783596 -0.01563821]\n",
      " [ 1.39122298 -0.01563821  0.29851951]]\n",
      "[[ 6.20308639 -0.05098913  1.23364131]\n",
      " [-0.05098913  0.162917   -0.00713438]\n",
      " [ 1.23364131 -0.00713438  0.25366005]]\n",
      "[[ 6.75278894e+00 -2.01003892e-02  1.41969429e+00]\n",
      " [-2.01003892e-02  1.64262394e-01 -5.60414629e-03]\n",
      " [ 1.41969429e+00 -5.60414629e-03  3.03920309e-01]]\n",
      "[[6.48136188e+00 1.83333528e-02 1.33245013e+00]\n",
      " [1.83333528e-02 1.66485642e-01 1.54381687e-03]\n",
      " [1.33245013e+00 1.54381687e-03 2.80558323e-01]]\n",
      "[[ 7.08351173 -0.02756027  1.53136823]\n",
      " [-0.02756027  0.16589276 -0.00951548]\n",
      " [ 1.53136823 -0.00951548  0.33496271]]\n",
      "[[ 7.28617868e+00  7.51899421e-03  1.58754473e+00]\n",
      " [ 7.51899421e-03  1.65546535e-01 -3.62311362e-04]\n",
      " [ 1.58754473e+00 -3.62311362e-04  3.49103239e-01]]\n",
      "[[ 6.61181793 -0.05707916  1.33911685]\n",
      " [-0.05707916  0.17440276 -0.01005517]\n",
      " [ 1.33911685 -0.01005517  0.27928768]]\n",
      "[[ 6.02971737e+00 -2.96554676e-02  1.14437473e+00]\n",
      " [-2.96554676e-02  1.72239121e-01 -4.23095577e-03]\n",
      " [ 1.14437473e+00 -4.23095577e-03  2.29253517e-01]]\n",
      "[[ 5.50508599e+00 -2.81472810e-02  9.95063122e-01]\n",
      " [-2.81472810e-02  1.65174632e-01 -4.19607797e-03]\n",
      " [ 9.95063122e-01 -4.19607797e-03  1.95048404e-01]]\n",
      "[[ 6.74431324 -0.11018078  1.4149154 ]\n",
      " [-0.11018078  0.16316771 -0.02005412]\n",
      " [ 1.4149154  -0.02005412  0.30547937]]\n",
      "[[ 6.52429028e+00  1.10817992e-02  1.34274497e+00]\n",
      " [ 1.10817992e-02  1.72959064e-01 -2.83543204e-04]\n",
      " [ 1.34274497e+00 -2.83543204e-04  2.83058199e-01]]\n",
      "[[6.49953275e+00 1.67729681e-02 1.33179774e+00]\n",
      " [1.67729681e-02 1.71855720e-01 2.00292672e-03]\n",
      " [1.33179774e+00 2.00292672e-03 2.79588779e-01]]\n",
      "[[6.87282057e+00 8.61242937e-03 1.46464133e+00]\n",
      " [8.61242937e-03 1.70718352e-01 2.31666060e-04]\n",
      " [1.46464133e+00 2.31666060e-04 3.16845332e-01]]\n",
      "[[6.40664843e+00 2.44344719e-02 1.30031077e+00]\n",
      " [2.44344719e-02 1.74993301e-01 2.59371925e-03]\n",
      " [1.30031077e+00 2.59371925e-03 2.76666542e-01]]\n",
      "[[8.03900450e+00 6.95041695e-03 1.83090683e+00]\n",
      " [6.95041695e-03 1.86511529e-01 1.83473472e-03]\n",
      " [1.83090683e+00 1.83473472e-03 4.17624288e-01]]\n",
      "[[6.73998295e+00 1.49176669e-01 1.34925985e+00]\n",
      " [1.49176669e-01 1.84222379e-01 3.06522694e-03]\n",
      " [1.34925985e+00 3.06522694e-03 3.03027026e-01]]\n",
      "[[7.14292440e+00 2.24044330e-01 1.44733631e+00]\n",
      " [2.24044330e-01 1.94490772e-01 6.57423716e-03]\n",
      " [1.44733631e+00 6.57423716e-03 3.33855366e-01]]\n",
      "[[7.58908873e+00 4.48830683e-01 1.21114614e+00]\n",
      " [4.48830683e-01 2.22120566e-01 5.20988914e-03]\n",
      " [1.21114614e+00 5.20988914e-03 3.71503758e-01]]\n",
      "[[6.10399499 0.04327973 1.16486796]\n",
      " [0.04327973 0.1810627  0.00702289]\n",
      " [1.16486796 0.00702289 0.23414038]]\n",
      "[[ 6.06688982e+00 -2.78297499e-02  1.14511726e+00]\n",
      " [-2.78297499e-02  1.74609351e-01 -4.86284040e-03]\n",
      " [ 1.14511726e+00 -4.86284040e-03  2.28911723e-01]]\n",
      "[[ 8.3992686  -0.14076789  1.92577229]\n",
      " [-0.14076789  0.14912228 -0.03080618]\n",
      " [ 1.92577229 -0.03080618  0.44199937]]\n",
      "[[ 6.52802877e+00 -1.33577080e-02  1.30849635e+00]\n",
      " [-1.33577080e-02  1.66489720e-01 -3.67827842e-03]\n",
      " [ 1.30849635e+00 -3.67827842e-03  2.70334051e-01]]\n",
      "[[ 8.01865375 -0.09032561  1.82181156]\n",
      " [-0.09032561  0.18432408 -0.01953069]\n",
      " [ 1.82181156 -0.01953069  0.4145775 ]]\n",
      "[[ 6.25212822e+00 -2.09078466e-02  1.23767699e+00]\n",
      " [-2.09078466e-02  1.67754236e-01 -3.78160254e-03]\n",
      " [ 1.23767699e+00 -3.78160254e-03  2.53754866e-01]]\n",
      "[[ 5.74850171 -0.03102827  1.08408658]\n",
      " [-0.03102827  0.16195894 -0.00645351]\n",
      " [ 1.08408658 -0.00645351  0.21704632]]\n",
      "[[6.67263271e+00 2.87205890e-02 1.40531338e+00]\n",
      " [2.87205890e-02 1.77647410e-01 2.33130021e-03]\n",
      " [1.40531338e+00 2.33130021e-03 3.02088599e-01]]\n",
      "[[6.15205033e+00 3.22983439e-02 1.20636865e+00]\n",
      " [3.22983439e-02 1.77889060e-01 4.96742972e-03]\n",
      " [1.20636865e+00 4.96742972e-03 2.45983534e-01]]\n",
      "[[6.05422368e+00 3.75677044e-02 1.17259975e+00]\n",
      " [3.75677044e-02 1.77939022e-01 5.30022741e-03]\n",
      " [1.17259975e+00 5.30022741e-03 2.37105321e-01]]\n",
      "[[ 6.77467065e+00 -1.63138393e-02  1.42927769e+00]\n",
      " [-1.63138393e-02  1.58164049e-01 -5.09609682e-03]\n",
      " [ 1.42927769e+00 -5.09609682e-03  3.06960665e-01]]\n",
      "[[ 6.48780529e+00  5.76675092e-03  1.34498119e+00]\n",
      " [ 5.76675092e-03  1.56869644e-01 -1.02267126e-03]\n",
      " [ 1.34498119e+00 -1.02267126e-03  2.85018280e-01]]\n",
      "[[ 6.40689737e+00  4.68051426e-03  1.30630269e+00]\n",
      " [ 4.68051426e-03  1.65013293e-01 -1.54369284e-03]\n",
      " [ 1.30630269e+00 -1.54369284e-03  2.73150096e-01]]\n",
      "[[ 6.71553486e+00 -8.43926505e-03  1.41058332e+00]\n",
      " [-8.43926505e-03  1.62928655e-01 -4.04733846e-03]\n",
      " [ 1.41058332e+00 -4.04733846e-03  3.01802064e-01]]\n",
      "[[ 6.88568844e+00  9.75439767e-03  1.46433346e+00]\n",
      " [ 9.75439767e-03  1.58195331e-01 -1.96146229e-03]\n",
      " [ 1.46433346e+00 -1.96146229e-03  3.16312234e-01]]\n",
      "[[ 7.0270678  -0.04218078  1.5258815 ]\n",
      " [-0.04218078  0.14683733 -0.0098394 ]\n",
      " [ 1.5258815  -0.0098394   0.33497774]]\n",
      "[[7.99242344 0.04550835 1.79525215]\n",
      " [0.04550835 0.15379112 0.00974324]\n",
      " [1.79525215 0.00974324 0.40431909]]\n",
      "[[ 6.92378805 -0.02412178  1.46480046]\n",
      " [-0.02412178  0.15612081 -0.00792831]\n",
      " [ 1.46480046 -0.00792831  0.31502578]]\n",
      "[[ 6.67571963e+00 -2.48892145e-02  1.39622041e+00]\n",
      " [-2.48892145e-02  1.54260694e-01 -6.60366426e-03]\n",
      " [ 1.39622041e+00 -6.60366426e-03  2.97730935e-01]]\n",
      "[[ 6.54652922e+00 -3.64085930e-02  1.35597725e+00]\n",
      " [-3.64085930e-02  1.64464185e-01 -6.23099678e-03]\n",
      " [ 1.35597725e+00 -6.23099678e-03  2.86907109e-01]]\n",
      "[[ 6.41603448 -0.05651871  1.33886563]\n",
      " [-0.05651871  0.15838978 -0.01057929]\n",
      " [ 1.33886563 -0.01057929  0.28504239]]\n",
      "[[ 7.05002124 -0.05606928  1.53146803]\n",
      " [-0.05606928  0.15807368 -0.01230284]\n",
      " [ 1.53146803 -0.01230284  0.33634759]]\n",
      "[[ 7.35293619e+00 -1.13855798e-02  1.61303841e+00]\n",
      " [-1.13855798e-02  1.39963934e-01 -3.64665636e-03]\n",
      " [ 1.61303841e+00 -3.64665636e-03  3.56833145e-01]]\n",
      "[[ 7.21801165e+00 -2.28678522e-02  1.57936368e+00]\n",
      " [-2.28678522e-02  1.45280319e-01 -6.32944657e-03]\n",
      " [ 1.57936368e+00 -6.32944657e-03  3.48602470e-01]]\n",
      "[[ 7.07357078e+00 -1.97386085e-03  1.52144217e+00]\n",
      " [-1.97386085e-03  1.52467022e-01 -1.07950239e-03]\n",
      " [ 1.52144217e+00 -1.07950239e-03  3.31273731e-01]]\n",
      "[[6.64824341e+00 1.29748934e-02 1.38302960e+00]\n",
      " [1.29748934e-02 1.59880135e-01 1.22786835e-03]\n",
      " [1.38302960e+00 1.22786835e-03 2.93799219e-01]]\n",
      "[[6.65194220e+00 2.27545850e-02 1.37185744e+00]\n",
      " [2.27545850e-02 1.61796439e-01 2.98003375e-03]\n",
      " [1.37185744e+00 2.98003375e-03 2.89598492e-01]]\n",
      "[[6.99061935e+00 2.26551473e-02 1.51167272e+00]\n",
      " [2.26551473e-02 1.59047750e-01 1.92245075e-03]\n",
      " [1.51167272e+00 1.92245075e-03 3.30438559e-01]]\n",
      "[[ 6.88163119e+00 -1.01317597e-02  1.47597546e+00]\n",
      " [-1.01317597e-02  1.64238795e-01 -5.53909290e-03]\n",
      " [ 1.47597546e+00 -5.53909290e-03  3.20847915e-01]]\n",
      "[[6.90644920e+00 2.22589096e-02 1.46103507e+00]\n",
      " [2.22589096e-02 1.55405442e-01 1.70991730e-03]\n",
      " [1.46103507e+00 1.70991730e-03 3.14154720e-01]]\n",
      "[[7.11955113e+00 2.18092911e-02 1.53107745e+00]\n",
      " [2.18092911e-02 1.58047374e-01 2.01976127e-03]\n",
      " [1.53107745e+00 2.01976127e-03 3.33284260e-01]]\n",
      "[[7.24815195e+00 1.64503673e-02 1.56916440e+00]\n",
      " [1.64503673e-02 1.51772155e-01 9.46805472e-04]\n",
      " [1.56916440e+00 9.46805472e-04 3.43315141e-01]]\n",
      "[[ 6.85837481e+00 -1.78607456e-02  1.43430978e+00]\n",
      " [-1.78607456e-02  1.64053137e-01 -6.14708991e-03]\n",
      " [ 1.43430978e+00 -6.14708991e-03  3.06141845e-01]]\n",
      "[[ 7.04663394e+00 -4.24833819e-03  1.48394915e+00]\n",
      " [-4.24833819e-03  1.59652320e-01 -6.79326212e-03]\n",
      " [ 1.48394915e+00 -6.79326212e-03  3.20650827e-01]]\n",
      "[[ 6.27551192e+00  1.11272380e-02  1.25591178e+00]\n",
      " [ 1.11272380e-02  1.52666536e-01 -4.82587981e-03]\n",
      " [ 1.25591178e+00 -4.82587981e-03  2.62664783e-01]]\n",
      "[[6.82401365e+00 1.72907479e-01 1.25197613e+00]\n",
      " [1.72907479e-01 1.83131444e-01 2.53726365e-03]\n",
      " [1.25197613e+00 2.53726365e-03 2.72759463e-01]]\n",
      "[[ 7.03874607e+00  1.70054289e-01  1.33509278e+00]\n",
      " [ 1.70054289e-01  1.89377879e-01 -3.12535989e-03]\n",
      " [ 1.33509278e+00 -3.12535989e-03  2.88577245e-01]]\n",
      "[[ 6.81320978 -0.0688449   1.45809871]\n",
      " [-0.0688449   0.16683163 -0.01371465]\n",
      " [ 1.45809871 -0.01371465  0.31663666]]\n",
      "[[ 7.23893339 -0.02792746  1.56736141]\n",
      " [-0.02792746  0.18437037 -0.01143978]\n",
      " [ 1.56736141 -0.01143978  0.34407447]]\n",
      "[[ 6.99248675 -0.02252681  1.48174687]\n",
      " [-0.02252681  0.17564597 -0.00761759]\n",
      " [ 1.48174687 -0.00761759  0.31916966]]\n",
      "[[ 7.13834295 -0.05213195  1.5404901 ]\n",
      " [-0.05213195  0.17677547 -0.01430517]\n",
      " [ 1.5404901  -0.01430517  0.33664881]]\n",
      "[[ 6.99300659 -0.02906454  1.48208141]\n",
      " [-0.02906454  0.17413661 -0.00781822]\n",
      " [ 1.48208141 -0.00781822  0.3190368 ]]\n",
      "[[ 6.98804229e+00 -8.32284250e-03  1.46713614e+00]\n",
      " [-8.32284250e-03  1.74628894e-01 -4.53726535e-03]\n",
      " [ 1.46713614e+00 -4.53726535e-03  3.13498160e-01]]\n",
      "[[6.56170494e+00 1.77491631e-02 1.37390339e+00]\n",
      " [1.77491631e-02 1.87602398e-01 4.56635700e-03]\n",
      " [1.37390339e+00 4.56635700e-03 2.93545108e-01]]\n",
      "[[6.54833657e+00 2.40404572e-02 1.35273967e+00]\n",
      " [2.40404572e-02 1.81538010e-01 4.12438663e-03]\n",
      " [1.35273967e+00 4.12438663e-03 2.86042795e-01]]\n",
      "[[6.69476967e+00 4.62067415e-02 1.41417897e+00]\n",
      " [4.62067415e-02 1.82071287e-01 5.49633380e-03]\n",
      " [1.41417897e+00 5.49633380e-03 3.04300018e-01]]\n",
      "[[7.00452659e+00 3.29631066e-02 1.52068369e+00]\n",
      " [3.29631066e-02 1.69732766e-01 4.67057872e-03]\n",
      " [1.52068369e+00 4.67057872e-03 3.34002332e-01]]\n",
      "[[7.67417845e+00 5.96202511e-02 1.68846530e+00]\n",
      " [5.96202511e-02 1.84971083e-01 7.06913847e-03]\n",
      " [1.68846530e+00 7.06913847e-03 3.74231614e-01]]\n",
      "[[ 6.22244501e+00 -1.29894488e-03  1.20243158e+00]\n",
      " [-1.29894488e-03  1.69225837e-01  6.65193296e-04]\n",
      " [ 1.20243158e+00  6.65193296e-04  2.42643088e-01]]\n",
      "[[5.90637876e+00 3.72387208e-03 1.11004913e+00]\n",
      " [3.72387208e-03 1.63378013e-01 6.21130056e-05]\n",
      " [1.11004913e+00 6.21130056e-05 2.21284009e-01]]\n",
      "[[ 6.89574406e+00 -5.98369989e-03  1.46549872e+00]\n",
      " [-5.98369989e-03  1.59346139e-01 -3.78569228e-03]\n",
      " [ 1.46549872e+00 -3.78569228e-03  3.16429881e-01]]\n",
      "[[6.39343513e+00 4.27638572e-02 1.31403521e+00]\n",
      " [4.27638572e-02 1.63058100e-01 6.35270891e-03]\n",
      " [1.31403521e+00 6.35270891e-03 2.76659301e-01]]\n",
      "[[6.52529294e+00 3.45905193e-02 1.36330929e+00]\n",
      " [3.45905193e-02 1.61260949e-01 4.96655815e-03]\n",
      " [1.36330929e+00 4.96655815e-03 2.90593647e-01]]\n",
      "[[6.00877408e+00 2.36645484e-02 1.21947512e+00]\n",
      " [2.36645484e-02 1.64974870e-01 3.89253368e-03]\n",
      " [1.21947512e+00 3.89253368e-03 2.54607250e-01]]\n",
      "[[5.92230793e+00 1.91761761e-02 1.19859857e+00]\n",
      " [1.91761761e-02 1.65913131e-01 3.26802221e-03]\n",
      " [1.19859857e+00 3.26802221e-03 2.49953460e-01]]\n",
      "[[6.44949166e+00 3.37036977e-02 1.35282863e+00]\n",
      " [3.37036977e-02 1.67493918e-01 5.42785122e-03]\n",
      " [1.35282863e+00 5.42785122e-03 2.89161136e-01]]\n",
      "[[ 7.68574401e+00 -3.58383739e-03  1.70026979e+00]\n",
      " [-3.58383739e-03  1.65548045e-01 -1.37430830e-03]\n",
      " [ 1.70026979e+00 -1.37430830e-03  3.78031125e-01]]\n",
      "[[7.75134124 0.09103477 1.72077557]\n",
      " [0.09103477 0.16012519 0.0175301 ]\n",
      " [1.72077557 0.0175301  0.38377559]]\n",
      "[[ 7.11962845 -0.05927186  1.51268121]\n",
      " [-0.05927186  0.16368051 -0.01403426]\n",
      " [ 1.51268121 -0.01403426  0.32633188]]\n",
      "[[ 6.93995551e+00 -1.64648813e-02  1.43837274e+00]\n",
      " [-1.64648813e-02  1.65298307e-01 -5.06901562e-03]\n",
      " [ 1.43837274e+00 -5.06901562e-03  3.04669199e-01]]\n",
      "[[ 6.80316966 -0.03401924  1.3850359 ]\n",
      " [-0.03401924  0.16370309 -0.00752928]\n",
      " [ 1.3850359  -0.00752928  0.28940521]]\n",
      "[[ 6.80450638 -0.03710523  1.38862769]\n",
      " [-0.03710523  0.16301275 -0.00793588]\n",
      " [ 1.38862769 -0.00793588  0.29065193]]\n",
      "[[ 6.76253394 -0.033759    1.38525383]\n",
      " [-0.033759    0.16338759 -0.00743199]\n",
      " [ 1.38525383 -0.00743199  0.29077362]]\n",
      "[[ 6.62729984 -0.03093418  1.35061576]\n",
      " [-0.03093418  0.16156245 -0.00694154]\n",
      " [ 1.35061576 -0.00694154  0.28255162]]\n",
      "[[ 6.63407178 -0.03501293  1.35211207]\n",
      " [-0.03501293  0.1628283  -0.00698779]\n",
